1, 89.97553935877538
2, 89.97430369291517
3, 89.97306802709166
4, 89.97183236128271
5, 89.97059669548143
6, 89.96936102965837
7, 89.96812536384296
8, 89.96688969802446
9, 89.96565403220316
10, 89.96441836638719
11, 89.98764334109943
12, 89.98640767517887
13, 89.9851720092822
14, 89.98393634334928
15, 89.98270067741043
16, 89.98146501146005
17, 89.98022934556128
18, 89.97899367961166
19, 89.97775801362927
20, 89.97652234761854
21, 89.97528668155465
22, 89.9740510155443
23, 89.97281534953852
24, 89.97157968351142
25, 89.97034401752546
26, 89.96910835156328
27, 89.96787268561987
28, 89.96663701971175
29, 89.96540135382106
30, 89.96416568796278
31, 89.9873906625589
32, 89.98615499664409
33, 89.98491933074654
34, 89.98368366486922
35, 89.98244799896173
36, 89.98121233306347
37, 89.97997666712583
38, 89.97874100115304
39, 89.9775053351767
40, 89.9762696692259
41, 89.975034003313
42, 89.97379833736831
43, 89.97256267139538
44, 89.97132700544358
45, 89.97009133953723
46, 89.96885567368562
47, 89.96762000786656
48, 89.96638434201684
49, 89.96514867616503
50, 89.96391301032982
51, 89.98713798485629
52, 89.98590231891068
53, 89.98466665295878
54, 89.98343098698346
55, 89.98219532097653
56, 89.98095965498001
57, 89.97972398898673
58, 89.9784883229123
59, 89.977252656839
60, 89.97601699079375
61, 89.97478132482831
62, 89.97354565881871
63, 89.97230999280032
64, 89.97107432684007
65, 89.96983866088773
66, 89.96860299492721
67, 89.96736732894117
68, 89.96613166293201
69, 89.96489599692953
70, 89.98812097142836
71, 89.98688530537214
72, 89.98564963933242
73, 89.9844139733132
74, 89.98317830730517
75, 89.98194264130296
76, 89.98070697526963
77, 89.97947130928573
78, 89.97823564329678
79, 89.9769999772466
80, 89.9757643112219
81, 89.97452864519309
82, 89.97329297916782
83, 89.9720573131361
84, 89.97082164714064
85, 89.9695859811713
86, 89.96835031519342
87, 89.9671146492282
88, 89.96587898326173
89, 89.96464331723328
90, 89.98786829165101
91, 89.98663262556673
92, 89.985396959499
93, 89.98416129345058
94, 89.98292562742023
95, 89.9816899613557
96, 89.9804542952914
97, 89.97921862922162
98, 89.97798296312673
99, 89.97674729700398
100, 89.97551163084759
101, 89.97427596474151
102, 89.97304029870116
103, 89.97180463263705
104, 89.97056896660563
105, 89.96933330054311
106, 89.96809763448118
107, 89.96686196843156
108, 89.96562630242892
109, 89.96439063647361
110, 89.98761561092876
111, 89.98637994484176
112, 89.98514427875621
113, 89.9839086126712
114, 89.98267294663786
115, 89.98143728064224
116, 89.980201614708
117, 89.97896594878084
118, 89.97773028290234
119, 89.97649461701624
120, 89.97525895113088
121, 89.97402328524933
122, 89.97278761936079
123, 89.9715519534879
124, 89.97031628759623
125, 89.96908062172821
126, 89.96784495587515
127, 89.96660928999995
128, 89.96537362413828
129, 89.9641379583357
130, 89.98736293296982
131, 89.98612726706078
132, 89.984891601174
133, 89.98365593530247
134, 89.98242026946592
135, 89.98118460364687
136, 89.9799489378185
137, 89.97871327199023
138, 89.97747760612644
139, 89.97624194030182
140, 89.97500627447403
141, 89.97377060865315
142, 89.97253494282883
143, 89.97129927703877
144, 89.9700636112893
145, 89.96882794554622
146, 89.96759227982218
147, 89.96635661412363
148, 89.9651209484573
149, 89.98834592322558
150, 89.98711025740464
151, 89.98587459157751
152, 89.98463892577666
153, 89.98340326000063
154, 89.98216759418685
155, 89.98093192841793
156, 89.97969626263236
157, 89.97846059687785
158, 89.97722493115073
159, 89.9759892654492
160, 89.97475359972725
161, 89.9735179339611
162, 89.97228226813061
163, 89.97104660229591
164, 89.96981093641303
165, 89.96857527056157
166, 89.96733960466088
167, 89.96610393879347
168, 89.96486827294825
169, 89.98809324755135
170, 89.98685758168367
171, 89.98562191579911
172, 89.98438624992204
173, 89.98315058398055
174, 89.98191491793258
175, 89.98067925190685
176, 89.97944358587823
177, 89.97820791982195
178, 89.97697225379427
179, 89.97573658778639
180, 89.97450092178113
181, 89.9732652557721
182, 89.97202958977043
183, 89.97079392377172
184, 89.96955825777532
185, 89.96832259182953
186, 89.96708692588815
187, 89.96585125998212
188, 89.9646155940934
189, 89.9878405686581
190, 89.98660490269988
191, 89.98536923674011
192, 89.98413357080187
193, 89.98289790486915
194, 89.98166223890422
195, 89.98042657292001
196, 89.97919090689774
197, 89.9779552408566
198, 89.97671957476035
199, 89.97548390868985
200, 89.9742482426318
201, 89.97301257656196
202, 89.97177691046853
203, 89.97054124444597
204, 89.9693055784376
205, 89.96806991243517
206, 89.96683424643707
207, 89.9655985804517
208, 89.98882355499046
209, 89.9875878890197
210, 89.98635222304975
211, 89.98511655711846
212, 89.98388089121522
213, 89.98264522531986
214, 89.98140955941658
215, 89.9801738935487
216, 89.97893822767342
217, 89.97770256185825
218, 89.97646689604954
219, 89.97523123026453
220, 89.97399556450594
221, 89.97275989872333
222, 89.97152423290675
223, 89.97028856714242
224, 89.96905290134242
225, 89.9678172355501
226, 89.9665815697584
227, 89.9653459039777
228, 89.9885708786464
229, 89.98733521272415
230, 89.98609954680309
231, 89.98486388086401
232, 89.98362821488733
233, 89.98239254888247
234, 89.98115688286279
235, 89.97992121685274
236, 89.97868555083292
237, 89.97744988482181
238, 89.97621421890787
239, 89.97497855303028
240, 89.97374288712159
241, 89.97250722111964
242, 89.97127155509676
243, 89.97003588906631
244, 89.96880022303104
245, 89.96756455704043
246, 89.96632889105895
247, 89.96509322509006
248, 89.9883181995541
249, 89.98708253347806
250, 89.98584686740628
251, 89.98461120130537
252, 89.98337553529913
253, 89.98213986932154
254, 89.98090420330841
255, 89.97966853730678
256, 89.9784328712805
257, 89.97719720526923
258, 89.97596153926948
259, 89.97472587327121
260, 89.97349020727249
261, 89.97225454130805
262, 89.97101887532835
263, 89.96978320934724
264, 89.96854754339023
265, 89.96731187741794
266, 89.9660762114624
267, 89.98930118602205
268, 89.9880655199916
269, 89.98682985394308
270, 89.98559418791493
271, 89.98435852191575
272, 89.98312285592318
273, 89.98188718994456
274, 89.98065152398246
275, 89.97941585806115
276, 89.97818019219797
277, 89.97694452632733
278, 89.97570886042197
279, 89.97447319449758
280, 89.97323752857221
281, 89.97200186261838
282, 89.97076619663066
283, 89.96953053067567
284, 89.9682948647204
285, 89.96705919875573
286, 89.96582353278707
287, 89.9890485072694
288, 89.98781284120835
289, 89.9865771751537
290, 89.9853415091129
291, 89.98410584302245
292, 89.98287017695765
293, 89.98163451091278
294, 89.98039884484021
295, 89.9791631787702
296, 89.97792751280737
297, 89.97669184686832
298, 89.97545618089613
299, 89.97422051494456
300, 89.97298484903868
301, 89.97174918316891
302, 89.97051351729365
303, 89.96927785147646
304, 89.9680421857059
305, 89.96680652001518
306, 89.96557085430585
307, 89.9887958290531
308, 89.98756016325356
309, 89.98632449748105
310, 89.9850888317215
311, 89.9838531659381
312, 89.98261750019937
313, 89.98138183444713
314, 89.98014616869163
315, 89.97891050294206
316, 89.97767483716736
317, 89.97643917139484
318, 89.97520350556755
319, 89.97396783975692
320, 89.97273217393995
321, 89.97149650814517
322, 89.97026084234568
323, 89.96902517652853
324, 89.96778951067265
325, 89.96655384481826
326, 89.98977881949213
327, 89.98854315365571
328, 89.98730748783818
329, 89.9860718220402
330, 89.98483615625041
331, 89.98360049043187
332, 89.98236482468972
333, 89.98112915894473
334, 89.97989349323748
335, 89.97865782749552
336, 89.97742216178689
337, 89.9761864960998
338, 89.97495083047139
339, 89.97371516486002
340, 89.97247949925362
341, 89.9712438336772
342, 89.97000816811601
343, 89.96877250258676
344, 89.96753683703352
345, 89.96630117150836
346, 89.98952614640713
347, 89.98829048073853
348, 89.98705481507317
349, 89.98581914942577
350, 89.984583483793
351, 89.98334781815343
352, 89.98211215254638
353, 89.98087648688148
354, 89.97964082117169
355, 89.97840515541938
356, 89.97716948970934
357, 89.97593382402196
358, 89.97469815836494
359, 89.97346249270565
360, 89.97222682700844
361, 89.97099116126921
362, 89.96975549556029
363, 89.96851982983624
364, 89.96728416412334
365, 89.96604849843621
366, 89.98927347315991
367, 89.98803780732374
368, 89.98680214148908
369, 89.98556647570113
370, 89.98433080993964
371, 89.98309514421209
372, 89.9818594784652
373, 89.98062381271421
374, 89.97938814698196
375, 89.9781524811889
376, 89.97691681543478
377, 89.97568114965283
378, 89.97444548383505
379, 89.97320981803834
380, 89.9719741522919
381, 89.97073848654043
382, 89.96950282081609
383, 89.96826715509457
384, 89.9670314893656
385, 89.96579582367822
386, 89.989020798432
387, 89.98778513268704
388, 89.9865494669517
389, 89.9853138012352
390, 89.98407813550754
391, 89.98284246981731
392, 89.98160680412077
393, 89.98037113844514
394, 89.97913547275644
395, 89.97789980710856
396, 89.97666414144584
397, 89.97542847575123
398, 89.97419281008581
399, 89.97295714441476
400, 89.97172147878246
401, 89.9704858131455
402, 89.96925014755804
403, 89.96801448194523
404, 89.96677881640022
405, 89.99000379137141
406, 89.98876812579071
407, 89.9875324601619
408, 89.98629679453721
409, 89.9850611288496
410, 89.98382546323178
411, 89.98258979758371
412, 89.98135413194909
413, 89.98011846630419
414, 89.97888280067431
415, 89.9776471350874
416, 89.97641146944632
417, 89.97517580382106
418, 89.97394013816167
419, 89.97270447253442
420, 89.97146880695765
421, 89.97023314136622
422, 89.9689974758041
423, 89.96776181020356
424, 89.96652614462597
425, 89.98975111948528
426, 89.98851545374312
427, 89.98727978796248
428, 89.98604412219736
429, 89.98480845642301
430, 89.98357279060235
431, 89.9823371248102
432, 89.98110145900229
433, 89.97986579321969
434, 89.97863012740724
435, 89.97739446153227
436, 89.97615879566332
437, 89.97492312981562
438, 89.97368746400595
439, 89.97245179816991
440, 89.97121613232721
441, 89.96998046655155
442, 89.96874480075894
443, 89.96750913491475
444, 89.96627346905383
445, 89.98949844363005
446, 89.98826277768737
447, 89.98702711174349
448, 89.98579144580818
449, 89.98455577989266
450, 89.98332011397913
451, 89.9820844480508
452, 89.98084878216373
453, 89.97961311628818
454, 89.97837745041004
455, 89.9771417845153
456, 89.97590611868806
457, 89.97467045286
458, 89.97343478707135
459, 89.97219912132151
460, 89.97096345554795
461, 89.96972778978973
462, 89.96849212409495
463, 89.96725645841319
464, 89.99048143320456
465, 89.98924576742084
466, 89.98801010163132
467, 89.98677443579618
468, 89.98553876997761
469, 89.98430310419381
470, 89.9830674384149
471, 89.98183177262716
472, 89.98059610689762
473, 89.97936044112863
474, 89.97812477531258
475, 89.9768891095065
476, 89.97565344369247
477, 89.97441777790358
478, 89.97318211207227
479, 89.97194644624204
480, 89.97071078039275
481, 89.9694751145082
482, 89.9682394486431
483, 89.96700378282488
484, 89.99022875747418
485, 89.98899309154572
486, 89.9877574256082
487, 89.9865217596816
488, 89.98528609374742
