1, 89.98776967926665
2, 89.9633090374596
3, 89.96206311352205
4, 89.96081718957484
5, 89.97180158644233
6, 89.97055566247992
7, 89.96930973852614
8, 89.96806381458723
9, 89.96681789064479
10, 89.96557196669882
11, 89.96432604274516
12, 89.96308011880674
13, 89.9618341948886
14, 89.96058827100914
15, 89.97157266798479
16, 89.97032674416009
17, 89.96908082034646
18, 89.96783489650169
19, 89.96658897269387
20, 89.96534304888232
21, 89.96409712509086
22, 89.96285120129737
23, 89.96160527750197
24, 89.96035935368502
25, 89.97134375067273
26, 89.9700978268076
27, 89.96885190290229
28, 89.96760597897622
29, 89.9663600550623
30, 89.96511413110008
31, 89.9638682071326
32, 89.96262228317711
33, 89.96137635923877
34, 89.96013043532126
35, 89.97111483218895
36, 89.96986890824984
37, 89.96862298427739
38, 89.96737706029282
39, 89.9661311363345
40, 89.96488521237269
41, 89.96363928839719
42, 89.9623933643843
43, 89.96114744037136
44, 89.95990151639867
45, 89.97088591322944
46, 89.96963998920293
47, 89.96839406521632
48, 89.96714814119467
49, 89.96590221716477
50, 89.96465629311301
51, 89.96341036905959
52, 89.96216444499059
53, 89.9609185208863
54, 89.9719029175884
55, 89.97065699347719
56, 89.96941106937366
57, 89.96816514528781
58, 89.96691922116344
59, 89.96567329702138
60, 89.96442737286911
61, 89.96318144873382
62, 89.9619355246391
63, 89.96068960050762
64, 89.97167399720094
65, 89.9704280730562
66, 89.96918214889058
67, 89.96793622474934
68, 89.96669030061287
69, 89.96544437647732
70, 89.96419845235002
71, 89.96295252823838
72, 89.96170660412676
73, 89.96046068001742
74, 89.97144507677187
75, 89.97019915263517
76, 89.96895322852622
77, 89.96770730441364
78, 89.96646138027056
79, 89.96521545607521
80, 89.9639695318647
81, 89.96272360764254
82, 89.96147768340956
83, 89.96023175917746
84, 89.97121615579181
85, 89.96997023159813
86, 89.96872430742405
87, 89.96747838329816
88, 89.96623245914625
89, 89.96498653495937
90, 89.9637406107392
91, 89.96249468648229
92, 89.961248762218
93, 89.9600028379326
94, 89.9709872344115
95, 89.96974131006498
96, 89.96849538571975
97, 89.96724946138936
98, 89.96600353703684
99, 89.96475761270015
100, 89.96351168839418
101, 89.96226576407621
102, 89.9610198397403
103, 89.97200423622293
104, 89.97075831182838
105, 89.9695123874003
106, 89.96826646300093
107, 89.96702053863571
108, 89.96577461424909
109, 89.96452868984568
110, 89.96328276539374
111, 89.96203684099832
112, 89.96079091659465
113, 89.9717753130198
114, 89.97052938859298
115, 89.96928346414019
116, 89.96803753972112
117, 89.96679161534408
118, 89.96554569096556
119, 89.9642997665699
120, 89.9630538421675
121, 89.96180791775151
122, 89.96056199333405
123, 89.97154638973534
124, 89.97030046528262
125, 89.9690545408375
126, 89.96780861641489
127, 89.96656269200437
128, 89.96531676764783
129, 89.96407084327697
130, 89.96282491896758
131, 89.96157899467735
132, 89.96033307040662
133, 89.9713174669455
134, 89.97007154269014
135, 89.96882561842321
136, 89.96757969423037
137, 89.96633377007822
138, 89.96508784590064
139, 89.96384192173363
140, 89.9625959975854
141, 89.9613500734207
142, 89.96010414927215
143, 89.97108854590542
144, 89.96984262174026
145, 89.9685966975701
146, 89.9673507733663
147, 89.96610484907247
148, 89.96485892476282
149, 89.96361300045568
150, 89.96236707617786
151, 89.9611211518363
152, 89.9598752274829
153, 89.97085962394523
154, 89.96961369959101
155, 89.96836777524113
156, 89.96712185089092
157, 89.96587592654603
158, 89.9646300021857
159, 89.96338407782913
160, 89.96213815350308
161, 89.96089222920521
162, 89.97187662569091
163, 89.97063070135688
164, 89.96938477701961
165, 89.96813885267171
166, 89.96689292834014
167, 89.9656470040191
168, 89.96440107969808
169, 89.96315515536203
170, 89.96190923093361
171, 89.96066330646124
172, 89.97164770281688
173, 89.97040177833789
174, 89.969155853889
175, 89.96790992946116
176, 89.96666400500891
177, 89.96541808054538
178, 89.96417215612796
179, 89.96292623172087
180, 89.96168030730766
181, 89.96043438289341
182, 89.97141877926896
183, 89.97017285476255
184, 89.96892693023081
185, 89.96768100569201
186, 89.9664350811325
187, 89.9651891565528
188, 89.96394323199438
189, 89.96269730748337
190, 89.96145138294075
191, 89.96020545835324
192, 89.97118985457664
193, 89.96994392999778
194, 89.96869800542652
195, 89.96745208089439
196, 89.96620615635763
197, 89.96496023184754
198, 89.96371430733736
199, 89.96246838278653
200, 89.96122245821027
201, 89.959976533635
202, 89.97096092986638
203, 89.9697150052885
204, 89.9684690806937
205, 89.9672231560566
206, 89.96597723144086
207, 89.9647313068661
208, 89.96348538233364
209, 89.96223945778947
210, 89.96099353325057
211, 89.97197792954267
212, 89.97073200501605
213, 89.96948608052499
214, 89.96824015607623
215, 89.96699423162845
216, 89.96574830716791
217, 89.96450238272706
218, 89.96325645827318
219, 89.96201053377747
220, 89.96076460927426
221, 89.97174900553837
222, 89.97050308095059
223, 89.96925715639567
224, 89.96801123186131
225, 89.96676530729765
226, 89.96551938274149
227, 89.96427345819895
228, 89.96302753361277
229, 89.96178160900085
230, 89.96053568438654
231, 89.97152008054267
232, 89.97027415588272
233, 89.96902823124519
234, 89.96778230661145
235, 89.96653638199241
236, 89.96529045736543
237, 89.96404453274104
238, 89.96279860810054
239, 89.96155268342531
240, 89.96030675872603
241, 89.97129115484638
242, 89.97004523019717
243, 89.96879930553673
244, 89.96755338087489
245, 89.96630745621192
246, 89.96506153155622
247, 89.96381560685765
248, 89.9625696820979
249, 89.96132375734203
250, 89.96007783261055
251, 89.97106222865514
252, 89.96981630388942
253, 89.96857037912643
254, 89.96732445440692
255, 89.96607852971411
256, 89.9648326049981
257, 89.96358668025694
258, 89.96234075552542
259, 89.9610948307756
260, 89.97207922685469
261, 89.97083330209402
262, 89.96958737733408
263, 89.96834145261545
264, 89.96709552790021
265, 89.96584960318815
266, 89.96460367848094
267, 89.96335775373858
268, 89.96211182898946
269, 89.96086590424558
270, 89.97185030032782
271, 89.97060437561223
272, 89.96935845093239
273, 89.96811252624119
274, 89.96686660150759
275, 89.96562067676153
276, 89.96437475201235
277, 89.96312882725005
278, 89.96188290242388
279, 89.96063697758841
280, 89.97162137353928
281, 89.97037544868637
282, 89.9691295238375
283, 89.96788359901385
284, 89.96663767420758
285, 89.96539174938822
286, 89.96414582453968
287, 89.96289989971476
288, 89.96165397491822
289, 89.96040805014063
290, 89.97139244612782
291, 89.97014652131331
292, 89.96890059650569
293, 89.96765467169816
294, 89.96640874689726
295, 89.96516282209787
296, 89.96391689729971
297, 89.96267097253255
298, 89.96142504777158
299, 89.9601791230606
300, 89.97116351913533
301, 89.96991759438886
302, 89.96867166966676
303, 89.96742574494652
304, 89.96617982024907
305, 89.96493389557355
306, 89.96368797087528
307, 89.96244204618237
308, 89.96119612150412
309, 89.97218051761301
310, 89.97093459288223
311, 89.96968866809418
312, 89.96844274334684
313, 89.96719681859197
314, 89.96595089384789
315, 89.96470496912127
316, 89.96345904443324
317, 89.96221311979299
318, 89.96096719511671
319, 89.97195159128812
320, 89.9707056666687
321, 89.96945974208086
322, 89.96821381751296
323, 89.9669678930051
324, 89.9657219685095
325, 89.96447604399101
326, 89.96323011950584
327, 89.96198419500602
328, 89.96073827048487
329, 89.97172266677133
330, 89.97047674225107
331, 89.96923081776335
332, 89.96798489328457
333, 89.96673896880328
334, 89.96549304432679
335, 89.9642471198605
336, 89.96300119539355
337, 89.96175527092525
338, 89.96050934644092
339, 89.97149374273106
340, 89.97024781818746
341, 89.96900189364675
342, 89.96775596914159
343, 89.96651004461839
344, 89.96526412012842
345, 89.96401819563413
346, 89.96277227111997
347, 89.96152634665088
348, 89.96028042216086
349, 89.97126481847951
350, 89.97001889397839
351, 89.96877296953694
352, 89.96752704508022
353, 89.96628112065233
354, 89.96503519626778
355, 89.96378927183324
356, 89.96254334739824
357, 89.96129742298214
358, 89.97228181939313
359, 89.97103589498383
360, 89.9697899705662
361, 89.96854404614633
362, 89.96729812172443
363, 89.96605219736088
364, 89.96480627295998
365, 89.96356034855062
366, 89.96231442414123
367, 89.96106849978237
368, 89.97205289623666
369, 89.97080697183571
370, 89.96956104746374
371, 89.96831512305424
372, 89.96706919861859
373, 89.96582327415062
374, 89.96457734966188
375, 89.96333142518213
376, 89.962085500736
377, 89.96083957635747
378, 89.97182397280805
379, 89.97057804844228
380, 89.9693321240815
381, 89.96808619975324
382, 89.96684027539888
383, 89.96559435103228
384, 89.96434842671133
385, 89.96310250242766
386, 89.9618565781461
387, 89.96061065388979
388, 89.97159505044277
389, 89.97034912619864
390, 89.96910320196834
391, 89.96785727779653
392, 89.96661135360117
393, 89.96536542941107
394, 89.96411950520381
395, 89.96287358094715
396, 89.96162765669604
397, 89.96038173244523
398, 89.97136612900877
399, 89.97012020476477
400, 89.96887428049838
401, 89.96762835623987
402, 89.96638243202207
403, 89.9651365078008
404, 89.96389058361298
405, 89.96264465944212
406, 89.96139873526626
407, 89.97238313189024
408, 89.97113720764008
409, 89.9698912833841
410, 89.9686453591212
411, 89.96739943483416
412, 89.9661535105341
413, 89.96490758623735
414, 89.96366166196532
415, 89.96241573766413
416, 89.96116981339901
417, 89.9721542099481
418, 89.97090828567889
419, 89.96966236141861
420, 89.96841643717676
421, 89.96717051291876
422, 89.96592458866878
423, 89.96467866443753
424, 89.9634327402454
425, 89.96218681600176
426, 89.96094089175604
427, 89.97192528830305
428, 89.97067936399147
429, 89.96943343964291
430, 89.96818751531164
431, 89.96694159100134
432, 89.96569566670856
433, 89.96444974241321
434, 89.96320381808961
435, 89.9619578937573
436, 89.9607119694665
437, 89.9716963659542
438, 89.97045044158781
439, 89.96920451722923
440, 89.96795859286932
441, 89.96671266851875
442, 89.96546674416793
443, 89.9642208198034
444, 89.96297489537511
445, 89.96172897094402
446, 89.96048304651693
447, 89.9714674428452
448, 89.97022151832883
449, 89.96897559378577
450, 89.96772966925096
451, 89.96648374471536
452, 89.96523782017812
453, 89.96399189564416
454, 89.96274597107912
455, 89.96150004652912
456, 89.97248444282822
457, 89.97123851828499
458, 89.96999259374171
459, 89.96874666922604
460, 89.9675007447154
461, 89.96625482019509
462, 89.96500889568328
463, 89.96376297120412
464, 89.96251704673882
465, 89.96127112227971
466, 89.97225551862307
467, 89.97100959418816
468, 89.96976366971082
469, 89.96851774524744
470, 89.96727182080343
471, 89.96602589635583
472, 89.96477997194636
473, 89.96353404752911
474, 89.96228812308455
475, 89.96104219866707
476, 89.97202659506185
477, 89.97078067067977
478, 89.96953474631232
479, 89.9682888218918
480, 89.96704289746306
481, 89.96579697304236
482, 89.96455104864616
483, 89.96330512425628
484, 89.96205919989222
485, 89.96081327555956
486, 89.97179767197032
487, 89.97055174753402
488, 89.96930582310603
489, 89.96805989869164
